0.000003
0.000003
0.000001
0.000002
0.000003
0.000004
0.000020
0.000007
0.000010
0.000013
0.000016
0.000020
0.000026
0.000029
0.000035
0.000041
0.000048
0.000056
0.000065
0.000075
0.000089
0.000101
0.000116
0.000261
0.000143
0.000167
0.000176
0.000210
0.000215
0.000245
0.000258
0.000337
0.000318
0.000334
0.000400
0.000414
0.000492
0.000465
0.000551
0.000578
0.000574
0.000665
0.000719
0.000712
0.000745
0.000843
0.000893
0.000963
0.000999
0.001078
0.001133
0.001153
0.001208
0.001364
0.001387
0.001496
0.001545
0.001624
0.002062
0.001811
0.002308
0.002151
0.002491
0.002495
0.002631
0.002763
0.002624
0.002615
0.002714
0.004824
0.003346
0.003469
0.003591
0.003781
0.003632
0.003695
0.003829
0.003888
0.004563
0.004607
0.004632
0.004674
0.005146
0.005019
0.004955
0.005140
0.005146
0.005348
0.005673
0.005662
0.005840
0.006089
0.006282
0.006625
0.006704
0.007077
0.007128
