0.000003
0.000001
0.000001
0.000003
0.000003
0.000004
0.000006
0.000008
0.000010
0.000013
0.000028
0.000021
0.000026
0.000033
0.000037
0.000044
0.000051
0.000060
0.000069
0.000090
0.000091
0.000107
0.000121
0.000148
0.000152
0.000168
0.000188
0.000206
0.000238
0.000250
0.000274
0.000311
0.000336
0.000354
0.000388
0.000433
0.000479
0.000550
0.000595
0.000600
0.000661
0.000690
0.000768
0.000746
0.000779
0.000833
0.000904
0.000971
0.001051
0.001098
0.001146
0.001254
0.001578
0.001341
0.001516
0.001522
0.001613
0.001690
0.001797
0.001863
0.003792
0.002053
0.002210
0.002290
0.002472
0.002492
0.002615
0.002692
0.003105
0.002986
0.003189
0.003181
0.003355
0.003472
0.006643
0.003782
0.004040
0.003987
0.004205
0.004316
0.004443
0.004816
0.004907
0.005042
0.005221
0.005384
0.005642
0.005729
0.010318
0.006182
0.006422
0.006548
0.006895
0.007078
0.007410
0.006986
0.007665
