0.000003
0.000003
0.000001
0.000002
0.000003
0.000004
0.000007
0.000008
0.000010
0.000013
0.000016
0.000023
0.000025
0.000030
0.000036
0.000042
0.000051
0.000057
0.000066
0.000077
0.000100
0.000105
0.000116
0.000139
0.000146
0.000162
0.000192
0.000198
0.000227
0.000240
0.000273
0.000298
0.000331
0.000364
0.000380
0.000410
0.000446
0.000476
0.000515
0.000564
0.000642
0.000641
0.000711
0.000741
0.000799
0.000868
0.000915
0.000975
0.001039
0.001108
0.001211
0.001228
0.001316
0.001354
0.001443
0.001547
0.001553
0.001714
0.001760
0.001873
0.001941
0.002038
0.002133
0.002234
0.014605
0.002457
0.002556
0.002671
0.002771
0.003039
0.003084
0.008354
0.003436
0.003514
0.003612
0.003763
0.003906
0.004012
0.004233
0.004392
0.004686
0.004814
0.005265
0.004996
0.005215
0.005504
0.005649
0.006043
0.006073
0.006339
0.006937
0.007178
0.007020
0.007268
0.007261
0.007762
0.008179
