1.1920928955078125e-06
8.58306884765625e-06
2.4080276489257812e-05
6.508827209472656e-05
0.0001571178436279297
0.0002684593200683594
0.0005409717559814453
0.0007812976837158203
0.0010833740234375
0.001527547836303711
0.002137899398803711
0.0028409957885742188
0.0038399696350097656
0.004773855209350586
0.005806684494018555
0.007012367248535156
0.00845646858215332
0.010504961013793945
0.012134790420532227
0.014390230178833008
0.01685500144958496
0.019212007522583008
0.022200584411621094
0.025235891342163086
0.028923511505126953
0.03253960609436035
0.03652167320251465
0.04057478904724121
0.044356346130371094
0.049504995346069336
0.054901123046875
0.06007122993469238
0.06697535514831543
0.07260012626647949
0.08068442344665527
0.08789777755737305
0.09482216835021973
0.1008918285369873
0.11002278327941895
0.12041950225830078
0.1280672550201416
0.1376354694366455
0.1481003761291504
0.16064095497131348
0.1716303825378418
0.1843717098236084
0.19540143013000488
0.2068483829498291
0.22266817092895508
0.2362215518951416
0.25190019607543945
0.2668609619140625
0.283982515335083
0.30231690406799316
0.3161952495574951
0.34317898750305176
0.36228060722351074
0.3740558624267578
0.392871618270874
0.42295289039611816
0.43607401847839355
0.45673489570617676
0.48019862174987793
0.5051169395446777
0.5273232460021973
0.554837703704834
0.5783138275146484
0.6061251163482666
0.6430695056915283
0.6634597778320312
0.7212152481079102
0.7468245029449463
0.7564644813537598
0.7803442478179932
0.8122279644012451
0.8478190898895264
0.8937900066375732
0.9167966842651367
0.9514803886413574
0.99863600730896
1.0784456729888916
1.0768651962280273
1.1020307540893555
1.191988229751587
1.2312779426574707
1.259937047958374
1.2967267036437988
1.3406705856323242
1.4153687953948975
1.4548604488372803
1.4903318881988525
1.529407024383545
1.5606391429901123
1.6617424488067627
1.7105250358581543
1.7361412048339844
1.7960407733917236
1.855776309967041
1.9002645015716553
1.9634549617767334
