7.152557373046875e-07
2.2172927856445312e-05
2.3603439331054688e-05
6.580352783203125e-05
0.00014710426330566406
0.0002980232238769531
0.0004832744598388672
0.0007829666137695312
0.0011031627655029297
0.0015723705291748047
0.002172708511352539
0.00295257568359375
0.0036263465881347656
0.004657268524169922
0.0057489871978759766
0.007062196731567383
0.008427858352661133
0.010142087936401367
0.01204061508178711
0.014160633087158203
0.019438982009887695
0.0188295841217041
0.021450519561767578
0.024676799774169922
0.027957677841186523
0.03163719177246094
0.03559112548828125
0.039758920669555664
0.04402637481689453
0.048661231994628906
0.05388522148132324
0.05941438674926758
0.06543707847595215
0.07183694839477539
0.07884049415588379
0.08630633354187012
0.09299612045288086
0.10141277313232422
0.10903739929199219
0.11792349815368652
0.12740612030029297
0.1375124454498291
0.1469249725341797
0.16056156158447266
0.1704244613647461
0.1823265552520752
0.1948080062866211
0.20907044410705566
0.22236919403076172
0.2362673282623291
0.248429536819458
0.26703786849975586
0.28008008003234863
0.29722118377685547
0.3154599666595459
0.34603071212768555
0.36128735542297363
0.37877988815307617
0.403700590133667
0.42842936515808105
0.44292497634887695
0.4876441955566406
0.4779071807861328
0.5024645328521729
0.528228759765625
0.5507152080535889
0.5899624824523926
0.6120970249176025
0.6553618907928467
0.6764125823974609
0.6965394020080566
0.7295107841491699
0.7626113891601562
0.7868010997772217
0.816486120223999
0.8455600738525391
0.899824857711792
0.947943925857544
0.9784843921661377
1.0090603828430176
1.0323214530944824
1.075981616973877
1.1182234287261963
1.203930377960205
1.223154067993164
1.2480754852294922
1.2893381118774414
1.3370599746704102
1.3739831447601318
1.421856164932251
1.4688758850097656
1.5172345638275146
1.634171724319458
1.6346416473388672
1.692035436630249
1.7185413837432861
1.7610695362091064
1.8338768482208252
1.8806495666503906
1.934070110321045
